19050111042 32
10050111043 0
19050141020 0
20050111004 0
20050111042 0
20050111047 63
20050141018 18
21050111017 0
21050111007 0
21050111068 0
21050111076 0
21050141003 0
22050111008 0
22050111061 39
22050111066 0
22050141023 0
22050141030 0
22050171003 0
23050111004 0
23050111006 64
23050111007 0
23050111010 53
23050111012 32
23050111016 49
23050111021 57
23050111025 61
23050111026 61
23050111028 77
23050111039 62,5
23050111040 54
23050111045 0
23050111052 46
23050111055 42
23050111071 0
23050111072 64
23050111073 69,5
23050111075 76
23050111076 81,5
23050151027 0
23050151028 37
24050111032 41
24050111077 71
24050111084 77
24050121002 48
24050131005 0
24050151010 69
24050151018 0
24050161002 30